A.first
1231 1121
952 1121
860 1032
860 925
492 925
492 982
334 982
294 950
460 950
460 818
284 818
284 755
360 755
360 641
290 641
290 705
230 705
230 780
135 712
135 633
164 657
164 544
135 564
135 496
227 429
227 501
289 501
289 562
362 562
362 441
281 441
281 395
454 395
454 263
283 263
340 210
487 210
487 283
572 283
572 160
910 160
1006 55
1182 55
1182 258
1331 258
1331 208
1206 208
1206 105
1246 59
1290 84
1343 83
1389 65
1425 102
1425 221
1397 221
1397 260
1496 260
1526 244
1526 203
1455 203
1455 173
1557 173
1590 201
1590 371
1654 371
1654 404
1592 404
1592 531
1691 531
1691 588
1821 588
1821 529
1908 529
1958 600
1958 666
1911 726
1824 726
1824 670
1696 670
1696 727
1587 727
1587 845
1621 911
1651 911
1554 1017
1503 1017
1503 956
1481 930
1358 930
1358 991
-1 -1
A.second
1068 628
974 628
861 736
861 836
766 836
766 818
834 818
834 699
910 627
910 567
682 567
649 613
649 813
717 813
717 840
495 840
495 754
433 754
433 639
504 639
504 683
542 716
590 716
616 696
616 639
570 639
570 615
589 615
589 584
620 584
620 502
504 502
504 566
433 566
433 443
486 443
487 369
642 369
642 248
687 248
687 360
804 360
804 414
691 414
691 512
908 504
908 466
856 414
856 323
809 279
756 276
756 247
910 247
910 366
1012 442
1012 466
1073 466
-1 -1
A.third
1359 844
1359 741
1243 629
1143 629
1143 566
1270 566
1270 545
1415 545
1415 567
1445 567
1445 411
1406 370
1226 370
1226 497
1143 497
1143 466
1182 466
1182 341
1495 341
1526 360
1526 598
1630 598
1630 664
1484 664
1484 647
1451 647
1451 600
1401 600
1401 640
1385 646
1385 598
1338 598
1338 647
1315 647
1315 666
1365 711
1384 711
1413 737
1430 719
1449 719
1464 749
1482 749
1482 726
1526 730
1524 833
1503 844
-1 -1
A.fourth
1000 345
959 280
985 257
1024 257
1024 194
1040 164
1067 151
1097 198
1097 235
1115 243
1113 262
1109 329
1045 329
1045 345
-1 -1